classifier,auroc,f1_at_0_5,brier
LR,0.41333333333333333,0.6440677966101694,0.31064894819473493
MLP,0.4046666666666667,0.6724137931034483,0.415063004898305
RFC,0.4873333333333334,0.7258064516129032,0.250329375
XGB,0.6113333333333334,0.7479674796747967,0.2610168755054474
